Clean synthetic LOBSTER-style replay pair
market_mode=volatile
rows=513014
duration_seconds=3600.000000000
levels=10
tick=100
mid_seed=5832300
spread_seed=1500
targeted_event_prob=0.200000
drift_step_prob=0.040180
jump_prob=0.005000
normal_rows=499345
locked_rows=0
crossed_rows=0
message_in=ITCH_Translator/LOBSTER_SampleFile_AMZN_2012-06-21_1/AAPL_2012-06-21_34200000_57600000_message_10.csv
orderbook_in=ITCH_Translator/LOBSTER_SampleFile_AMZN_2012-06-21_1/AAPL_2012-06-21_34200000_57600000_orderbook_10.csv
source_change_rate=0.160718
source_spread_q75=2000
source_spread_q90=2400
source_orderbook_levels=10
anchor_basis=best_bid_ask_only
